+--------------------------------------------------------------------------------------------------------------------------------------------------------------------------------------------------------------------------+
; Legal Partition Candidates                                                                                                                                                                                               ;
+---------------------+-------+----------------+--------------+----------------+--------+-----------------+---------------+-----------------+-------+----------------+--------------+------------------+-------------------+
; Hierarchy           ; Input ; Constant Input ; Unused Input ; Floating Input ; Output ; Constant Output ; Unused Output ; Floating Output ; Bidir ; Constant Bidir ; Unused Bidir ; Input only Bidir ; Output only Bidir ;
+---------------------+-------+----------------+--------------+----------------+--------+-----------------+---------------+-----------------+-------+----------------+--------------+------------------+-------------------+
; CVSET|P_S           ; 10    ; 0              ; 0            ; 0              ; 1      ; 0               ; 0             ; 0               ; 0     ; 0              ; 0            ; 0                ; 0                 ;
; CVSET|S_P           ; 3     ; 0              ; 0            ; 0              ; 8      ; 0               ; 0             ; 0               ; 0     ; 0              ; 0            ; 0                ; 0                 ;
; CVSET               ; 12    ; 1              ; 0            ; 1              ; 9      ; 1               ; 1             ; 1               ; 0     ; 0              ; 0            ; 0                ; 0                 ;
; clk_gen|P3          ; 2     ; 0              ; 0            ; 0              ; 0      ; 0               ; 0             ; 0               ; 2     ; 0              ; 1            ; 0                ; 1                 ;
; clk_gen|P2          ; 64    ; 32             ; 0            ; 32             ; 2      ; 32              ; 32            ; 32              ; 0     ; 0              ; 0            ; 0                ; 0                 ;
; clk_gen|P1|\G1:30:T ; 3     ; 0              ; 0            ; 0              ; 0      ; 0               ; 0             ; 0               ; 2     ; 0              ; 0            ; 0                ; 0                 ;
; clk_gen|P1|\G1:29:T ; 3     ; 0              ; 0            ; 0              ; 0      ; 0               ; 0             ; 0               ; 2     ; 0              ; 0            ; 0                ; 0                 ;
; clk_gen|P1|\G1:28:T ; 3     ; 0              ; 0            ; 0              ; 0      ; 0               ; 0             ; 0               ; 2     ; 0              ; 0            ; 0                ; 0                 ;
; clk_gen|P1|\G1:27:T ; 3     ; 0              ; 0            ; 0              ; 0      ; 0               ; 0             ; 0               ; 2     ; 0              ; 0            ; 0                ; 0                 ;
; clk_gen|P1|\G1:26:T ; 3     ; 0              ; 0            ; 0              ; 0      ; 0               ; 0             ; 0               ; 2     ; 0              ; 0            ; 0                ; 0                 ;
; clk_gen|P1|\G1:25:T ; 3     ; 0              ; 0            ; 0              ; 0      ; 0               ; 0             ; 0               ; 2     ; 0              ; 0            ; 0                ; 0                 ;
; clk_gen|P1|\G1:24:T ; 3     ; 0              ; 0            ; 0              ; 0      ; 0               ; 0             ; 0               ; 2     ; 0              ; 0            ; 0                ; 0                 ;
; clk_gen|P1|\G1:23:T ; 3     ; 0              ; 0            ; 0              ; 0      ; 0               ; 0             ; 0               ; 2     ; 0              ; 0            ; 0                ; 0                 ;
; clk_gen|P1|\G1:22:T ; 3     ; 0              ; 0            ; 0              ; 0      ; 0               ; 0             ; 0               ; 2     ; 0              ; 0            ; 0                ; 0                 ;
; clk_gen|P1|\G1:21:T ; 3     ; 0              ; 0            ; 0              ; 0      ; 0               ; 0             ; 0               ; 2     ; 0              ; 0            ; 0                ; 0                 ;
; clk_gen|P1|\G1:20:T ; 3     ; 0              ; 0            ; 0              ; 0      ; 0               ; 0             ; 0               ; 2     ; 0              ; 0            ; 0                ; 0                 ;
; clk_gen|P1|\G1:19:T ; 3     ; 0              ; 0            ; 0              ; 0      ; 0               ; 0             ; 0               ; 2     ; 0              ; 0            ; 0                ; 0                 ;
; clk_gen|P1|\G1:18:T ; 3     ; 0              ; 0            ; 0              ; 0      ; 0               ; 0             ; 0               ; 2     ; 0              ; 0            ; 0                ; 0                 ;
; clk_gen|P1|\G1:17:T ; 3     ; 0              ; 0            ; 0              ; 0      ; 0               ; 0             ; 0               ; 2     ; 0              ; 0            ; 0                ; 0                 ;
; clk_gen|P1|\G1:16:T ; 3     ; 0              ; 0            ; 0              ; 0      ; 0               ; 0             ; 0               ; 2     ; 0              ; 0            ; 0                ; 0                 ;
; clk_gen|P1|\G1:15:T ; 3     ; 0              ; 0            ; 0              ; 0      ; 0               ; 0             ; 0               ; 2     ; 0              ; 0            ; 0                ; 0                 ;
; clk_gen|P1|\G1:14:T ; 3     ; 0              ; 0            ; 0              ; 0      ; 0               ; 0             ; 0               ; 2     ; 0              ; 0            ; 0                ; 0                 ;
; clk_gen|P1|\G1:13:T ; 3     ; 0              ; 0            ; 0              ; 0      ; 0               ; 0             ; 0               ; 2     ; 0              ; 0            ; 0                ; 0                 ;
; clk_gen|P1|\G1:12:T ; 3     ; 0              ; 0            ; 0              ; 0      ; 0               ; 0             ; 0               ; 2     ; 0              ; 0            ; 0                ; 0                 ;
; clk_gen|P1|\G1:11:T ; 3     ; 0              ; 0            ; 0              ; 0      ; 0               ; 0             ; 0               ; 2     ; 0              ; 0            ; 0                ; 0                 ;
; clk_gen|P1|\G1:10:T ; 3     ; 0              ; 0            ; 0              ; 0      ; 0               ; 0             ; 0               ; 2     ; 0              ; 0            ; 0                ; 0                 ;
; clk_gen|P1|\G1:9:T  ; 3     ; 0              ; 0            ; 0              ; 0      ; 0               ; 0             ; 0               ; 2     ; 0              ; 0            ; 0                ; 0                 ;
; clk_gen|P1|\G1:8:T  ; 3     ; 0              ; 0            ; 0              ; 0      ; 0               ; 0             ; 0               ; 2     ; 0              ; 0            ; 0                ; 0                 ;
; clk_gen|P1|\G1:7:T  ; 3     ; 0              ; 0            ; 0              ; 0      ; 0               ; 0             ; 0               ; 2     ; 0              ; 0            ; 0                ; 0                 ;
; clk_gen|P1|\G1:6:T  ; 3     ; 0              ; 0            ; 0              ; 0      ; 0               ; 0             ; 0               ; 2     ; 0              ; 0            ; 0                ; 0                 ;
; clk_gen|P1|\G1:5:T  ; 3     ; 0              ; 0            ; 0              ; 0      ; 0               ; 0             ; 0               ; 2     ; 0              ; 0            ; 0                ; 0                 ;
; clk_gen|P1|\G1:4:T  ; 3     ; 0              ; 0            ; 0              ; 0      ; 0               ; 0             ; 0               ; 2     ; 0              ; 0            ; 0                ; 0                 ;
; clk_gen|P1|\G1:3:T  ; 3     ; 0              ; 0            ; 0              ; 0      ; 0               ; 0             ; 0               ; 2     ; 0              ; 0            ; 0                ; 0                 ;
; clk_gen|P1|\G1:2:T  ; 3     ; 0              ; 0            ; 0              ; 0      ; 0               ; 0             ; 0               ; 2     ; 0              ; 0            ; 0                ; 0                 ;
; clk_gen|P1|\G1:1:T  ; 3     ; 0              ; 0            ; 0              ; 0      ; 0               ; 0             ; 0               ; 2     ; 0              ; 0            ; 0                ; 0                 ;
; clk_gen|P1|\G1:0:T  ; 3     ; 0              ; 0            ; 0              ; 0      ; 0               ; 0             ; 0               ; 2     ; 0              ; 0            ; 0                ; 0                 ;
; clk_gen|P1|T        ; 3     ; 0              ; 0            ; 0              ; 0      ; 0               ; 0             ; 0               ; 2     ; 0              ; 0            ; 0                ; 0                 ;
; clk_gen|P1          ; 3     ; 0              ; 0            ; 0              ; 0      ; 0               ; 0             ; 0               ; 32    ; 0              ; 0            ; 0                ; 0                 ;
; clk_gen             ; 2     ; 1              ; 0            ; 1              ; 1      ; 1               ; 1             ; 1               ; 0     ; 0              ; 0            ; 0                ; 0                 ;
+---------------------+-------+----------------+--------------+----------------+--------+-----------------+---------------+-----------------+-------+----------------+--------------+------------------+-------------------+
